2 0.6703125 0.85234375 0.14140625 0.13046875
2 0.9015625 0.8921875 0.1859375 0.08359375
2 0.8296875 0.7859375 0.1765625 0.08203125
2 0.265625 0.76328125 0.175 0.06875
2 0.04921875 0.78359375 0.0984375 0.05390625
2 0.24609375 0.728125 0.17109375 0.065625
2 0.1015625 0.684375 0.10234375 0.06171875
2 0.35859375 0.59375 0.09375 0.13203125
2 0.48984375 0.63125 0.06875 0.1421875
2 0.66015625 0.559375 0.1484375 0.08671875
2 0.7 0.634375 0.10390625 0.13671875
2 0.87421875 0.6171875 0.0984375 0.13203125
2 0.9703125 0.390625 0.059375 0.10703125
2 0.82734375 0.4453125 0.06640625 0.08046875
2 0.81328125 0.375 0.07421875 0.115625
2 0.815625 0.27421875 0.03515625 0.08515625
2 0.8625 0.2140625 0.0625 0.046875
2 0.69375 0.253125 0.153125 0.075
2 0.559375 0.25546875 0.078125 0.1203125
2 0.4984375 0.26796875 0.046875 0.11171875
2 0.3390625 0.28828125 0.115625 0.10390625
2 0.28671875 0.23125 0.128125 0.11015625
2 0.2578125 0.41640625 0.09296875 0.096875
2 0.48984375 0.4359375 0.07265625 0.071875
2 0.68828125 0.4546875 0.11796875 0.09375
2 0.7328125 0.4765625 0.06328125 0.0765625
2 0.9578125 0.30703125 0.06328125 0.06328125
2 0.98671875 0.8359375 0.0265625 0.128125
2 0.02890625 0.39375 0.0421875 0.075
2 0.028125 0.36328125 0.05546875 0.03671875
2 0.34609375 0.684375 0.0921875 0.0703125
2 0.40078125 0.36953125 0.11328125 0.0765625
2 0.57578125 0.40546875 0.05078125 0.0953125
2 0.321875 0.3609375 0.05078125 0.0734375
2 0.16796875 0.29296875 0.1234375 0.0671875
2 0.25859375 0.30390625 0.06953125 0.096875
2 0.04140625 0.48046875 0.08203125 0.115625
2 0.53515625 0.53125 0.1609375 0.08203125