0 0.621875 0.56796875 0.03828125 0.04140625
0 0.6625 0.56015625 0.03828125 0.0375
0 0.7671875 0.67890625 0.04296875 0.053125
0 0.85078125 0.5875 0.03828125 0.053125
0 0.796875 0.6015625 0.04609375 0.03359375
0 0.69375 0.5890625 0.0359375 0.0359375
0 0.87578125 0.65625 0.03984375 0.04375
0 0.890625 0.5265625 0.0328125 0.03359375
0 0.74453125 0.61953125 0.0578125 0.0453125
0 0.77109375 0.49140625 0.04453125 0.02734375
0 0.66640625 0.52734375 0.04140625 0.04375
0 0.715625 0.528125 0.04453125 0.04140625
0 0.77109375 0.57421875 0.04609375 0.04140625
0 0.72421875 0.57109375 0.0375 0.04375
0 0.80546875 0.553125 0.03984375 0.03984375
0 0.56484375 0.45078125 0.07265625 0.08125
0 0.4796875 0.45078125 0.04765625 0.0578125
0 0.39765625 0.41953125 0.0296875 0.04921875
0 0.6078125 0.4203125 0.05234375 0.0671875
0 0.365625 0.40078125 0.0296875 0.06328125
0 0.11875 0.97265625 0.06796875 0.0546875
0 0.18125 0.87421875 0.053125 0.07109375
0 0.07734375 0.9046875 0.0625 0.065625
0 0.215625 0.9578125 0.0625 0.07890625
0 0.32109375 0.9515625 0.0671875 0.096875
0 0.26171875 0.9609375 0.0546875 0.078125
0 0.0671875 0.759375 0.05625 0.075
0 0.91484375 0.5828125 0.0625 0.04765625
0 0.13515625 0.909375 0.04453125 0.0578125
0 0.14609375 0.56796875 0.0375 0.0453125
0 0.14921875 0.71875 0.03984375 0.04921875
0 0.20859375 0.30234375 0.04609375 0.0734375
0 0.2421875 0.32890625 0.05078125 0.05546875
0 0.01953125 0.32109375 0.03828125 0.04375
0 0.05078125 0.31796875 0.04765625 0.053125
0 0.01875 0.53828125 0.0375 0.065625
0 0.53125 0.26171875 0.0328125 0.03984375