2 0.66953125 0.82734375 0.07734375 0.0359375
2 0.74453125 0.76953125 0.04609375 0.08125
2 0.415625 0.75234375 0.05703125 0.1
2 0.4609375 0.73515625 0.05390625 0.08359375
2 0.50703125 0.71171875 0.0671875 0.0640625
2 0.56328125 0.66484375 0.0546875 0.06015625
2 0.2328125 0.834375 0.1265625 0.046875
2 0.4734375 0.8234375 0.0828125 0.0734375
2 0.61015625 0.709375 0.0546875 0.06015625
2 0.8875 0.78828125 0.078125 0.0625
2 0.0359375 0.775 0.04453125 0.053125
2 0.24765625 0.79296875 0.11015625 0.046875
2 0.1328125 0.6578125 0.0921875 0.05625
2 0.10546875 0.7 0.10234375 0.04453125
2 0.12890625 0.7359375 0.053125 0.04453125
2 0.1765625 0.70625 0.05078125 0.025
2 0.5359375 0.75546875 0.05234375 0.05625
2 0.57421875 0.740625 0.02421875 0.05859375
2 0.9375 0.7328125 0.04453125 0.0703125
2 0.83515625 0.6671875 0.05 0.04765625
2 0.44375 0.6015625 0.03671875 0.0484375
2 0.4171875 0.66484375 0.06640625 0.03671875
2 0.25 0.5875 0.071875 0.0296875
2 0.08203125 0.61484375 0.08515625 0.03046875
2 0.284375 0.49765625 0.028125 0.021875
2 0.91640625 0.6 0.06640625 0.05078125
2 0.73984375 0.53984375 0.05859375 0.0234375
2 0.62734375 0.590625 0.03671875 0.04765625
2 0.6546875 0.61484375 0.040625 0.0546875
2 0.41328125 0.46015625 0.0265625 0.02890625
2 0.68046875 0.53671875 0.053125 0.040625
2 0.26328125 0.66796875 0.0703125 0.0453125
2 0.28984375 0.61328125 0.06484375 0.040625
2 0.4921875 0.55390625 0.02421875 0.04921875
2 0.8765625 0.459375 0.0140625 0.0265625
2 0.76328125 0.48359375 0.05234375 0.01953125
2 0.43046875 0.53828125 0.01953125 0.03671875
2 0.4484375 0.5390625 0.015625 0.040625
2 0.3625 0.6265625 0.0375 0.05859375
2 0.409375 0.54921875 0.0234375 0.03046875
2 0.38984375 0.5640625 0.025 0.046875
2 0.33671875 0.48046875 0.02890625 0.03125
2 0.36640625 0.41875 0.02890625 0.0171875