0 0.8859375 0.49765625 0.165625 0.2
0 0.47734375 0.63046875 0.2203125 0.18515625
0 0.07734375 0.621875 0.1546875 0.18984375
0 0.19765625 0.7125 0.3359375 0.2625
0 0.1703125 0.51328125 0.25625 0.14375
0 0.06875 0.40625 0.1375 0.09140625
0 0.2609375 0.365625 0.146875 0.08125
0 0.35546875 0.475 0.2140625 0.175
0 0.3765625 0.33203125 0.1125 0.07734375
0 0.65390625 0.33046875 0.1640625 0.19375
0 0.82890625 0.42265625 0.1484375 0.1625
0 0.63125 0.434375 0.1625 0.09765625
0 0.5890625 0.51328125 0.196875 0.12265625
0 0.5328125 0.36171875 0.140625 0.08515625