0 0.828125 0.92421875 0.171875 0.15078125
0 0.7109375 0.8671875 0.11328125 0.08984375
0 0.7609375 0.5953125 0.09375 0.1109375
0 0.87578125 0.68984375 0.11875 0.13828125
0 0.56953125 0.840625 0.1296875 0.09609375
0 0.55625 0.76171875 0.07109375 0.075
0 0.55390625 0.71328125 0.0640625 0.0546875
0 0.6765625 0.7015625 0.08359375 0.11484375
0 0.621875 0.7203125 0.06953125 0.1109375
0 0.85078125 0.5609375 0.09453125 0.0875
0 0.634375 0.6328125 0.05859375 0.07734375
0 0.39921875 0.38671875 0.0640625 0.10546875
0 0.21015625 0.6390625 0.1265625 0.18203125