2 0.4671875 0.396875 0.08515625 0.3171875
2 0.70703125 0.3765625 0.0984375 0.2328125
2 0.88359375 0.5609375 0.08671875 0.1875
2 0.65859375 0.74296875 0.12421875 0.34296875
2 0.3109375 0.69375 0.2578125 0.12578125
2 0.36875 0.47265625 0.22734375 0.19296875
2 0.3671875 0.3890625 0.12734375 0.10078125
2 0.771875 0.16328125 0.14375 0.25234375
2 0.45703125 0.18046875 0.1046875 0.13203125
2 0.58828125 0.421875 0.21796875 0.28359375
2 0.1078125 0.29296875 0.215625 0.2296875
2 0.11015625 0.39921875 0.13359375 0.26171875