0 0.19453125 0.7125 0.32421875 0.26640625
0 0.07265625 0.63203125 0.1453125 0.1921875
0 0.478125 0.63359375 0.21328125 0.1875
0 0.15390625 0.4890625 0.21171875 0.13203125
0 0.0671875 0.41015625 0.13359375 0.09453125
0 0.26015625 0.36640625 0.1390625 0.09453125
0 0.378125 0.3328125 0.1140625 0.0734375
0 0.65625 0.3296875 0.1640625 0.1921875
0 0.88671875 0.4984375 0.178125 0.2
0 0.63203125 0.4484375 0.16640625 0.1
0 0.58125 0.5140625 0.196875 0.11796875
0 0.834375 0.43671875 0.1609375 0.1703125
0 0.84375 0.35625 0.146875 0.1203125
0 0.684375 0.25546875 0.059375 0.1234375
0 0.96796875 0.4203125 0.0640625 0.11015625
0 0.3578125 0.48046875 0.2 0.19765625
0 0.53125 0.37265625 0.1140625 0.08046875
0 0.6859375 0.3453125 0.128125 0.11953125