2 0.128125 0.671875 0.24453125 0.115625
2 0.175 0.85234375 0.2953125 0.15625
2 0.52421875 0.690625 0.0609375 0.15625
2 0.62890625 0.67734375 0.090625 0.2046875
2 0.7859375 0.71171875 0.17109375 0.18828125
2 0.87890625 0.70703125 0.17265625 0.15234375
2 0.46640625 0.4171875 0.13671875 0.1078125
2 0.30234375 0.4875 0.12265625 0.0859375
2 0.49453125 0.6328125 0.2421875 0.11953125
2 0.22578125 0.61171875 0.21875 0.10625
2 0.33359375 0.5890625 0.1796875 0.128125
2 0.12421875 0.5921875 0.16640625 0.078125