0 0.80234375 0.85 0.1625 0.19375
0 0.89765625 0.9046875 0.184375 0.190625
0 0.87109375 0.5609375 0.065625 0.04765625
0 0.090625 0.51171875 0.18046875 0.13125
0 0.19140625 0.51171875 0.0515625 0.065625
0 0.09296875 0.62421875 0.18515625 0.15625
0 0.06875 0.73828125 0.13671875 0.0890625
0 0.06953125 0.8125 0.1390625 0.096875
0 0.059375 0.89765625 0.11875 0.08203125
0 0.25859375 0.696875 0.26796875 0.3109375
0 0.271875 0.8265625 0.2625 0.346875
0 0.50234375 0.74609375 0.19140625 0.2484375
0 0.525 0.82265625 0.171875 0.24140625
0 0.6625 0.56953125 0.1171875 0.1
0 0.66640625 0.6375 0.1140625 0.07578125
0 0.66640625 0.684375 0.10390625 0.07421875
0 0.69921875 0.49296875 0.10703125 0.0703125
0 0.69609375 0.44140625 0.09140625 0.05234375
0 0.6 0.46953125 0.090625 0.0609375
0 0.5765625 0.44375 0.05625 0.0359375
0 0.4859375 0.39296875 0.11015625 0.08359375
0 0.4875 0.45625 0.11015625 0.0671875
0 0.3796875 0.53359375 0.171875 0.153125
0 0.4921875 0.565625 0.078125 0.0984375
0 0.5234375 0.546875 0.08828125 0.09375
0 0.33046875 0.46171875 0.08515625 0.05234375
0 0.375 0.44375 0.0734375 0.04140625
0 0.41875 0.40625 0.05390625 0.04453125