2 0.6125 0.87734375 0.23671875 0.115625
2 0.675 0.59921875 0.0671875 0.2546875
2 0.6078125 0.68125 0.0875 0.15546875
2 0.5671875 0.7921875 0.13984375 0.1109375
2 0.32421875 0.8234375 0.13984375 0.0765625
2 0.36015625 0.7140625 0.23046875 0.096875
2 0.50390625 0.7359375 0.13203125 0.25703125
2 0.2953125 0.55078125 0.14375 0.22265625
2 0.3640625 0.278125 0.09296875 0.18828125
2 0.50390625 0.36875 0.12421875 0.165625
2 0.21171875 0.25703125 0.07578125 0.18984375
2 0.1 0.16484375 0.11171875 0.18828125
2 0.16484375 0.1578125 0.10078125 0.16171875
2 0.07578125 0.575 0.046875 0.16171875
2 0.21171875 0.44765625 0.06328125 0.15390625
2 0.13359375 0.47890625 0.08046875 0.184375
2 0.584375 0.44296875 0.175 0.08125
2 0.73203125 0.38671875 0.11171875 0.22265625
2 0.80078125 0.5515625 0.0875 0.1359375
2 0.83359375 0.5625 0.09453125 0.14140625
2 0.9390625 0.5 0.10078125 0.178125
2 0.9203125 0.415625 0.10390625 0.225
2 0.8328125 0.27890625 0.0875 0.16171875
2 0.7234375 0.253125 0.11875 0.12578125
2 0.665625 0.2390625 0.15078125 0.1578125
2 0.57109375 0.19921875 0.07578125 0.2125
2 0.49453125 0.215625 0.0703125 0.1359375
2 0.51640625 0.24921875 0.0609375 0.11328125
2 0.690625 0.08125 0.05625 0.1578125
2 0.90859375 0.1 0.10390625 0.18046875
2 0.7453125 0.12109375 0.0390625 0.14140625
2 0.33984375 0.1859375 0.12265625 0.109375
2 0.3171875 0.08671875 0.06875 0.12109375
2 0.2453125 0.09921875 0.07265625 0.12578125