2 0.6078125 0.86484375 0.22890625 0.2703125
2 0.30703125 0.85 0.25 0.1921875
2 0.5671875 0.71171875 0.2125 0.26328125
2 0.6546875 0.43828125 0.078125 0.25546875
2 0.84375 0.50546875 0.05703125 0.18828125
2 0.83046875 0.80625 0.19140625 0.1640625
2 0.47734375 0.49375 0.1671875 0.17578125
2 0.53359375 0.35625 0.1765625 0.134375
2 0.55859375 0.196875 0.1375 0.10078125
2 0.16171875 0.359375 0.078125 0.275
2 0.08828125 0.775 0.1765625 0.184375
2 0.0765625 0.90625 0.153125 0.13828125
2 0.08203125 0.3265625 0.08984375 0.11875
2 0.240625 0.565625 0.12890625 0.15859375
2 0.1296875 0.59140625 0.096875 0.12265625
2 0.33046875 0.7015625 0.15703125 0.1484375
2 0.36171875 0.15625 0.1609375 0.11484375
2 0.74921875 0.6375 0.05 0.13828125
2 0.74375 0.5203125 0.04921875 0.11875
2 0.4296875 0.5015625 0.09765625 0.2
2 0.0453125 0.153125 0.090625 0.20859375
2 0.309375 0.9125 0.1515625 0.175