0 0.65703125 0.85 0.33359375 0.29921875
0 0.25859375 0.7125 0.265625 0.34453125
0 0.09375 0.8296875 0.18046875 0.26875
0 0.66484375 0.50390625 0.1734375 0.35625
0 0.55078125 0.51484375 0.12578125 0.34453125
0 0.7921875 0.40234375 0.15703125 0.27421875
0 0.6578125 0.2875 0.16015625 0.25390625
0 0.11015625 0.33046875 0.1140625 0.153125
0 0.0375 0.48984375 0.07265625 0.240625
0 0.2546875 0.371875 0.1359375 0.21796875
0 0.43671875 0.54921875 0.16171875 0.23515625
0 0.20703125 0.40078125 0.1171875 0.2140625
0 0.51796875 0.303125 0.1046875 0.09609375
0 0.4828125 0.3921875 0.09921875 0.09296875
0 0.1765625 0.2875 0.06484375 0.08203125