2 0.28203125 0.3046875 0.05625 0.08203125
2 0.21953125 0.3703125 0.08359375 0.04765625
2 0.12578125 0.46484375 0.046875 0.10546875
2 0.1015625 0.5328125 0.05078125 0.090625
2 0.23828125 0.50859375 0.028125 0.10234375
2 0.196875 0.5203125 0.053125 0.06171875
2 0.16328125 0.50859375 0.02265625 0.0765625
2 0.13359375 0.53359375 0.0546875 0.0734375
2 0.08828125 0.5953125 0.11796875 0.06015625
2 0.15703125 0.66015625 0.0703125 0.12734375
2 0.18984375 0.5859375 0.05703125 0.10625
2 0.2375 0.5984375 0.0734375 0.0953125
2 0.11328125 0.7265625 0.1265625 0.06015625
2 0.14765625 0.7703125 0.096875 0.06171875
2 0.1984375 0.759375 0.08828125 0.07109375
2 0.14296875 0.809375 0.09296875 0.07265625
2 0.3171875 0.74375 0.109375 0.08515625
2 0.39140625 0.7328125 0.1140625 0.1109375
2 0.40390625 0.5359375 0.05859375 0.06640625
2 0.515625 0.6265625 0.03203125 0.09921875
2 0.63671875 0.6953125 0.09375 0.09453125
2 0.5296875 0.76328125 0.128125 0.053125
2 0.4578125 0.7359375 0.02890625 0.0953125
2 0.52578125 0.70703125 0.1078125 0.06171875
2 0.8703125 0.61953125 0.11953125 0.0703125
2 0.815625 0.465625 0.09609375 0.08359375