2 0.57734375 0.909375 0.1359375 0.1625
2 0.60078125 0.7890625 0.03984375 0.18125
2 0.659375 0.825 0.04609375 0.1796875
2 0.878125 0.7140625 0.12265625 0.0765625
2 0.80703125 0.80078125 0.05 0.11640625
2 0.7625 0.7671875 0.04609375 0.14921875
2 0.59375 0.54765625 0.09140625 0.08046875
2 0.55859375 0.56484375 0.084375 0.06875
2 0.490625 0.60703125 0.1 0.103125
2 0.43671875 0.62265625 0.05859375 0.11796875
2 0.51953125 0.6875 0.0984375 0.053125
2 0.28203125 0.49765625 0.14296875 0.05546875
2 0.2390625 0.5671875 0.11171875 0.07265625
2 0.73359375 0.43515625 0.04609375 0.084375
2 0.76484375 0.5234375 0.065625 0.0765625
2 0.67421875 0.6578125 0.07890625 0.12421875
2 0.70625 0.72578125 0.071875 0.09140625
2 0.24921875 0.44453125 0.11875 0.02265625
2 0.2046875 0.4703125 0.12265625 0.04765625
2 0.2 0.5296875 0.09453125 0.04765625
2 0.30078125 0.5453125 0.09296875 0.0703125
2 0.4 0.5046875 0.04609375 0.12421875
2 0.49765625 0.48125 0.07734375 0.11484375
2 0.378125 0.41875 0.08984375 0.09765625
2 0.3421875 0.42109375 0.08984375 0.0859375
2 0.2546875 0.365625 0.1171875 0.0703125
2 0.21484375 0.4234375 0.14453125 0.04609375
2 0.80625 0.403125 0.04296875 0.084375
2 0.965625 0.315625 0.06875 0.09765625
2 0.87421875 0.31953125 0.07578125 0.06328125
2 0.84296875 0.375 0.0984375 0.059375
2 0.75234375 0.2828125 0.07421875 0.1109375
2 0.64453125 0.35625 0.0328125 0.08203125
2 0.7125 0.5109375 0.071875 0.0671875
2 0.3859375 0.3296875 0.0796875 0.09375
2 0.45234375 0.29765625 0.0640625 0.11484375