1 0.2125 0.97109375 0.390625 0.0578125
1 0.46953125 0.790625 0.50078125 0.41875
1 0.56875 0.5546875 0.2859375 0.2234375
1 0.621875 0.43828125 0.209375 0.1296875
1 0.6546875 0.36640625 0.1671875 0.08671875
1 0.671875 0.32578125 0.13203125 0.0671875
1 0.684375 0.28984375 0.11875 0.046875
1 0.69609375 0.26875 0.0984375 0.0328125
1 0.70390625 0.253125 0.07734375 0.02421875
1 0.9671875 0.6796875 0.065625 0.578125
1 0.95546875 0.47734375 0.0890625 0.18828125
1 0.94296875 0.4421875 0.1140625 0.20390625
1 0.93515625 0.3734375 0.1296875 0.13125
1 0.91484375 0.3390625 0.10625 0.096875
1 0.896875 0.3171875 0.109375 0.0953125
1 0.80546875 0.1515625 0.02734375 0.0296875
1 0.7703125 0.1484375 0.028125 0.03125