0 0.678125 0.7125 0.19140625 0.30390625
0 0.9140625 0.8015625 0.17109375 0.296875
0 0.771875 0.70625 0.14140625 0.3
0 0.0875 0.62578125 0.175 0.28125
0 0.17578125 0.62421875 0.17890625 0.31015625
0 0.26015625 0.33671875 0.115625 0.14375
0 0.93125 0.49453125 0.11796875 0.16875
0 0.74765625 0.4625 0.1125 0.12890625
0 0.315625 0.43359375 0.14609375 0.07109375
0 0.4140625 0.72578125 0.1140625 0.08984375
0 0.084375 0.3375 0.0875 0.14140625
0 0.2765625 0.71875 0.1640625 0.09140625
0 0.82109375 0.48203125 0.13359375 0.07265625
0 0.84453125 0.54765625 0.1359375 0.08359375
0 0.72421875 0.41640625 0.090625 0.10859375
0 0.628125 0.4625 0.075 0.10859375
0 0.378125 0.396875 0.103125 0.09765625
0 0.62734375 0.37421875 0.07109375 0.08515625
0 0.7109375 0.34375 0.103125 0.02890625
0 0.803125 0.32734375 0.05703125 0.06640625
0 0.43203125 0.490625 0.07578125 0.12734375
0 0.5671875 0.365625 0.06328125 0.10390625
0 0.4296875 0.36875 0.07109375 0.1109375