0 0.58984375 0.30078125 0.23671875 0.2046875
0 0.41953125 0.56484375 0.265625 0.2671875
0 0.228125 0.6921875 0.2953125 0.27109375
0 0.4515625 0.784375 0.2703125 0.20859375
0 0.634375 0.74921875 0.19921875 0.20625
0 0.71875 0.6640625 0.25703125 0.17421875
0 0.88125 0.64453125 0.2375 0.3390625
0 0.93515625 0.45390625 0.1296875 0.1609375
0 0.734375 0.50390625 0.13359375 0.19453125
0 0.78515625 0.43203125 0.18828125 0.184375
0 0.115625 0.84921875 0.23125 0.2
0 0.15078125 0.79140625 0.24765625 0.1984375
0 0.296875 0.38359375 0.24140625 0.15546875
0 0.3640625 0.34375 0.2546875 0.15390625
0 0.06875 0.4140625 0.1375 0.21640625