2 0.6234375 0.48359375 0.175 0.0859375
2 0.75234375 0.8359375 0.15546875 0.10625
2 0.29453125 0.66796875 0.065625 0.13984375
2 0.24296875 0.58984375 0.15859375 0.078125
2 0.40234375 0.6203125 0.05 0.11953125
2 0.39453125 0.75546875 0.06171875 0.11015625
2 0.515625 0.603125 0.1078125 0.06328125
2 0.55546875 0.6359375 0.1203125 0.065625
2 0.58515625 0.6921875 0.13046875 0.07265625
2 0.2234375 0.68828125 0.08671875 0.11015625
2 0.671875 0.70859375 0.07109375 0.1328125
2 0.503125 0.44609375 0.0859375 0.078125
2 0.753125 0.12421875 0.05 0.07734375
2 0.8765625 0.06484375 0.1328125 0.0453125
2 0.975 0.8484375 0.04921875 0.06953125