2 0.55546875 0.79765625 0.03203125 0.0875
2 0.30859375 0.8453125 0.09765625 0.046875
2 0.2015625 0.8046875 0.08671875 0.04765625
2 0.4296875 0.77734375 0.090625 0.0421875
2 0.29765625 0.746875 0.03828125 0.07734375
2 0.26953125 0.7625 0.03046875 0.0359375
2 0.23046875 0.7265625 0.07421875 0.0453125
2 0.0515625 0.61171875 0.04375 0.0484375
2 0.4109375 0.65078125 0.02890625 0.06015625
2 0.72734375 0.7328125 0.07890625 0.05703125
2 0.9453125 0.69453125 0.075 0.07265625
2 0.97578125 0.8734375 0.0484375 0.078125
2 0.4921875 0.6390625 0.0203125 0.04375
2 0.66796875 0.509375 0.03203125 0.03984375
2 0.45703125 0.55625 0.059375 0.03046875
2 0.8140625 0.4765625 0.03359375 0.040625
2 0.50703125 0.19765625 0.0234375 0.0109375
2 0.48203125 0.42890625 0.025 0.03828125
2 0.1125 0.7671875 0.059375 0.0640625
2 0.89765625 0.58828125 0.04921875 0.07109375
2 0.80078125 0.5546875 0.0375 0.0484375
2 0.725 0.50625 0.02421875 0.03828125
2 0.65859375 0.47265625 0.0390625 0.0296875
2 0.59453125 0.48046875 0.0203125 0.03046875
2 0.62734375 0.48828125 0.0265625 0.0296875
2 0.90625 0.3328125 0.0140625 0.01953125
2 0.90859375 0.309375 0.02421875 0.009375
2 0.94765625 0.24765625 0.02890625 0.01328125