2 0.8484375 0.5625 0.1546875 0.2859375
2 0.803125 0.3859375 0.25078125 0.22734375
2 0.6234375 0.23046875 0.21875 0.15859375
2 0.584375 0.37109375 0.11015625 0.27265625
2 0.66875 0.3828125 0.1015625 0.21328125
2 0.1484375 0.60859375 0.29375 0.16640625
2 0.3015625 0.6734375 0.1015625 0.22890625
2 0.1671875 0.7609375 0.1640625 0.21328125
2 0.16953125 0.165625 0.19765625 0.1234375
2 0.20703125 0.10703125 0.2328125 0.19765625
2 0.42734375 0.43984375 0.26171875 0.13125
2 0.434375 0.54765625 0.14765625 0.14296875